111111111 1111111111 111 1111111-111111111111

11Η11··110111ΕΒΒΗΟΗ

Friedrich 11111111Η1111111111,

111·11.111111111111111111111111111111111111,Ρ1111111111111111111111111111111111111111».
1111111 111111 1111111111 1

11111111111-111111111 111111111111111111111,

1111111111 18..1.8011.111115111οΡ1 11111811111141118011

11111 11111111111111111111111111111111111111 1111111111. 1
Gymnas 111-111111111111111111 111111111111111 111111181111 ι1111111118111111111
111111111111111111111111111111181111111111111111111
11111111111111111111111111 11111 orum

1111111111
111111 1111111111111, ,

1111

111. 3111111161111111.

1. 11111. 1111111111111111111 11. 8. 111. 2 111111 111-111.

1111111111 111111111111 1111111111111111111 (5. 1111. 1861) 1111111111 3
Sohulbsscher ruhmliohst 1111111111 111111111111111 11 diesem wurterbuehe
111 1111111111111111111 111 111 1111111111 111 11111111111111111, 111 111 111-
11111111111 111 8111111 und 111 1111111111111 1111111111111111111111111111

wassogium 111 1111111111 1111111111
111 1111111·

311 11111111 mit 1111111111 6111111111 1111111111
111

Dr. 111. 11111111.

111111111111111 1111111111 1111111.
10111111 511118. 1111111111111111111.1111111 1111111111

111111111111111111111111111111111111111111111111111111111111111111111
1111111111111111111111111111111111111111111111111111111111111111111
111111111111111111111111Ρ111111111111111111.

 

